1 0
11 0
21 0
31 0
41 0
51 0
61 0
71 0
81 0
91 0
101 0
111 0
121 0
131 0
141 0
151 0
161 0
171 0
181 0
191 0
201 0
211 0
221 0
231 0
241 0
251 0
261 0
271 0
281 0
291 0
301 0
311 0
321 0
331 0
341 0
351 0
361 0
371 0
381 0
391 0
401 0
411 0
421 0
431 0
441 0
451 0
461 0
471 0
481 0
491 0
501 0
511 0
521 0
531 0
541 0
551 0
561 0
571 0
581 0
591 0
601 0
611 0
621 0
631 0
641 0
651 0
661 0
671 0
681 0
691 0
701 0
711 0
721 0
731 0
741 0
751 0
761 0
771 0
781 0
791 0
801 0
811 0
821 0
831 0
841 0
851 0
861 0
871 0
881 0
891 0
901 0
911 0
921 0
931 0
941 0
951 0
961 0
971 0
981 0
991 0
1001 0
1011 0
1021 0
7 0
17 0
27 0
37 0
47 0
57 0
67 0
77 0
87 0
97 0
107 0
117 0
127 0
137 0
147 0
157 0
167 0
177 0
187 0
197 0
207 0
217 0
227 0
237 0
247 0
257 0
267 0
277 0
287 0
297 0
307 0
317 0
327 0
337 0
347 0
357 0
367 0
377 0
387 0
397 0
407 0
417 0
427 0
437 0
447 0
457 0
467 0
477 0
487 0
497 0
507 0
517 0
527 0
537 0
547 0
557 0
567 0
577 0
587 0
597 0
607 0
617 0
627 0
637 0
647 0
657 0
667 0
677 0
687 0
697 0
707 0
717 0
727 0
737 0
747 0
757 0
767 0
777 0
787 0
797 0
807 0
817 0
827 0
837 0
847 0
857 0
867 0
877 0
887 0
897 0
907 0
917 0
927 0
937 0
947 0
957 0
967 0
